0
0
1
3
7
8
11
18
19
28
34
40
43
46
48
49
59
62
77
78
85
99
115
135
159
159
169
189
204
205
231
241
254
273
287
311
316
316
317
350
375
411
427
441
457
492
507
553
566
597
600
628
641
664
680
688
703
744
788
814
845
884
934
983
987
1025
1058
1107
1169
1210
1256
1257
1318
1330
1398
1454
1526
1532
1535
1604
1665
1736
1741
1811
1812
1851
1892
1908
1944
1986
1990
2055
2065
2144
2201
2237
2259
2310
2341
2348

========================================================

0
1
3
6
10
15
21
28
36
45
55
66
78
91
105
120
136
153
171
190
210
231
253
276
300
325
351
378
406
435
465
496
528
561
595
630
666
703
741
780
820
861
903
946
990
1035
1081
1128
1176
1225
1275
1326
1378
1431
1485
1540
1596
1653
1711
1770
1830
1891
1953
2016
2080
2145
2211
2278
2346
2415
2485
2556
2628
2701
2775
2850
2926
3003
3081
3160
3240
3321
3403
3486
3570
3655
3741
3828
3916
4005
4095
4186
4278
4371
4465
4560
4656
4753
4851
4950
